315
315
316
315
316
317
316
317
318
316
315
317
318
317
317
316
316
312
313
315
317
314
317
317
314
315
315
314
314
314
314
316
317
317
317
315
315
316
316
315
315
315
317
316
317
316
316
316
315
316
315
316
316
316
316
315
314
316
316
315
315
315
315
315
315
315
314
315
315
315
315
315
315
315
315
316
316
316
316
315
316
315
316
315
315
316
316
317
316
315
315
316
315
316
316
316
314
314
315
315
316
316
315
315
316
315
316
315
315
316
316
316
317
316
316
315
315
316
315
316
315
316
315
316
315
316
315
315
316
315
316
315
315
316
315
316
315
315
315
315
315
315
315
315
315
315
315
315
315
317
316
315
315
315
315
316
316
316
315
315
315
315
315
315
315
315
315
315
315
315
315
315
316
315
315
315
316
316
315
316
315
316
316
315
315
315
315
315
315
316
316
315
316
316
